[gd_scene load_steps=8 format=3]

[ext_resource path="res://models/suzanne.dae" type="PackedScene" id="1"]
[ext_resource path="res://addons/jigglebones/jigglebone.gd" type="Script" id="2"]
[ext_resource path="res://tile_tex.png" type="Texture2D" id="4"]

[sub_resource type="Sky" id="1"]
radiance_size = 4

[sub_resource type="Environment" id="2"]
background_mode = 2
background_color = Color(0.340912, 0.62264, 0.746094, 1)
sky = SubResource( "1" )
ambient_light_color = Color(1, 1, 1, 1)
ssao_intensity = 1.0

[sub_resource type="StandardMaterial3D" id="3"]
albedo_color = Color(0.613281, 0.613281, 0.613281, 1)
albedo_texture = ExtResource( "4" )
roughness = 0.0
uv1_scale = Vector3(0.1, 0.1, 0.1)
uv1_triplanar = true

[sub_resource type="PlaneMesh" id="4"]
material = SubResource( "3" )
size = Vector2(1000, 1000)

[node name="main" type="WorldEnvironment"]
environment = SubResource( "2" )
script = null

[node name="Scene Root" parent="." instance=ExtResource( "1" )]
transform = Transform3D(1, 0, 0, 0, 0.999999, 0, 0, 0, 1, 0.111753, 0, 0)

[node name="Armature" parent="Scene Root" index="0"]
transform = Transform3D(0.92917, -0.0666382, 0.363597, -0.0766541, 0.927501, 0.365876, -0.361618, -0.367832, 0.856698, 0.177412, 0.624141, -0.334771)

[node name="Skeleton3D" parent="Scene Root/Armature" index="0"]
transform = Transform3D(1, 0, 0, -1.49012e-08, 1, 0, -2.98023e-08, 0, 1, 0, 0, 0)
bones/0/pose = Transform3D(1, -7.45058e-08, -1.04308e-07, 7.45058e-08, 1, -2.98023e-08, 1.04308e-07, 2.98023e-08, 1, 1.37583e-09, -1.96741e-09, 8.30941e-09)
bones/1/pose = Transform3D(1, 3.72529e-08, -4.44089e-16, -3.72529e-08, 1, -2.98023e-08, -6.66134e-16, 2.98023e-08, 1, -5.96046e-08, -4.47035e-08, 0)
bones/2/pose = Transform3D(1, 2.98023e-08, 8.88178e-16, -2.98023e-08, 1, 2.98023e-08, 0, -2.98023e-08, 1, 4.83197e-09, -9.1941e-09, 1.83296e-09)
bones/3/pose = Transform3D(1, 2.23517e-08, 5.96046e-08, -2.23517e-08, 1, 1.49012e-08, -5.96046e-08, -1.49012e-08, 1, 0, -4.47035e-08, -5.96046e-08)
bones/4/pose = Transform3D(1, 5.77134e-09, -1.923e-09, -5.77134e-09, 1, -2.98023e-08, 1.923e-09, 2.98023e-08, 1, -1.4526e-15, -3.68423e-09, 1.08242e-09)
bones/5/pose = Transform3D(1, -5.25217e-09, 1.26274e-09, 5.25217e-09, 1, 2.98023e-08, -1.26274e-09, -2.98023e-08, 1, 8.40881e-09, 5.96046e-08, 5.96046e-08)

[node name="Suzanne" parent="Scene Root/Armature/Skeleton3D" index="0"]
transform = Transform3D(1, 0, 0, -1.49012e-08, 1, 0, -2.98023e-08, 0, 1, 0, 0, 0)

[node name="Jigglebone" type="Node3D" parent="Scene Root/Armature/Skeleton3D" index="1"]
top_level = true
transform = Transform3D(0.964877, 0.251227, -0.0762884, -0.023827, 0.373041, 0.927326, 0.26152, -0.892912, 0.365954, nan, nan, nan)
script = ExtResource( "2" )
bone_name = "Chin"
use_gravity = true

[node name="AnimationPlayer" parent="Scene Root" index="1"]
autoplay = "default"
blend_times = []

[node name="light" type="DirectionalLight3D" parent="."]
transform = Transform3D(0.573238, 0.661115, 0.48407, -0.674925, 0.0459793, 0.736452, 0.464623, -0.748874, 0.47256, 3.46112, 0, 0)
shadow_enabled = true
shadow_bias = 0.1
directional_shadow_max_distance = 200.0
script = null

[node name="floor" type="MeshInstance3D" parent="."]
transform = Transform3D(1, 0, 0, 0, 1, 0, 0, 0, 1, 2.25885, -2.17987, -1.51131)
mesh = SubResource( "4" )
surface_material_override/0 = null
script = null

[node name="cam" type="Camera3D" parent="."]
transform = Transform3D(0.997219, -0.036321, 0.0976642, 0, 0.937366, 0.348603, -0.103659, -0.345799, 0.929826, 0.336978, 1.45275, 3.92528)
fov = 70.0
far = 100.0
script = null

[editable path="Scene Root"]
